1432359839169904723
1419287449594499224
230756577009860610
1113803952870404106
1339212240103931964
830276326141067276
1368528210047926322
1062246979171786792
1416569802742431864
1405098655521701908
1421129156569337971
759981646933000213
1332346516865814616
1336620946555011072
1378322464265736215
1294103863845982274
1038313702593671198
1028483161920917574
1374894901757743237
1416021743511933008
1051813651130105927
1261729239900618862
1147810611703578644
1372856801179078767
1362357805335580672
1424396665221021726
1215327080791937124
1347858749028700230
1098399547954307172
1376259395905785998
1412150637663359267
1409704454382424198
767954805741453313
1351955049584132168
1383095107724771340
1351250325964587041
1414625777206558820
1411220363236606085
1248569458943983686
1215182061795545152
1041716444775321613
1386346973195665491
1325730706760011776
1371142899118510160
1087462216279793694
1424673543844532334
736546411583111179
1349269745039573002
1333063218641506326
1231534546986733630
762186290203459604
1296043779094085722
1245612069982834688
1028530623155019868
891638890534957107
1203313187680813116
1125016548860506237
1407735405490602006
1408478614638559423
883216599165853727
1201780459504402462
1065463461909385237
1370474687972507848
1297506994009276481
1358690441691791402
1134070990784167998
1371176462983368724
1223491705723031674
1373276438089957399
1160633150511255693
1284391509176750142
1212440587605905468
1100602918559821894
984809507165188127
1239841070217429028
1406586579262378026
1405425452285300839
818340126090067971
1333408281971916872
1331180048388194345
1228930373925470208
874766417667452929
1118783990892081243
1069833075002978325
1400348003109175296
1394727471693303901
1406457280840470569
1071768498981843064
1243909246157066378
1154311047981826098
1101380057819254784
1284781871942602794
1278639046763221024
1123252507498528778
1415235759341961216
1036369096905863248
1415625313307594855
1152434820060827762
1130827291333767299
1431711053435371583
1415334696270958704
886788590347116554
1337424505307660288
1373111992717545522
1424687836145127505
1064022379992457306
1228780289476792321
993822944629362698
1064119470966194207
1353061334345977978
1394716354413592680
1402674806931062784
1402333331239993405
1365914099824853092
1144008260555386993
1376002529334268047
1379211256967336046
1400836756164710584
1352383448333025433
837114810973028363
1201304663862018211
1396205391993372804
1414809067116822649
1009430444447637515
812936750031962136
1407603861220360192
1380861944931684352
1255718383958360174
891246086159740939
1393843897876217928
1034330214106398791
1405931774231580682
1299308888310550558
1355891668980863116
1382331492025237534
1345455040671907892
1407393217422561350
1161309067160072264
1378616920290623558
1398984283355611287
1305018946415493173
1407673589007913003
1373321445710499920
1002252850199547974
961143736174256188
995036433633005659
1129771186088321164
1306921960273608715
828333052421341215
1406538139102871552
1185772301464109168
965258508046065784
1328812662192078908
1070611495869755422
1398232105187803156
1096650936501403729
863835415148757012
1311260839034097664
1382773939457232896
1137281368892657694
1354875861387710584
1234015440066318376
1335612580206743562
1420292283139493888
1424670020801134623
1103236263600992306
1258433792087949405
855765170901745674
1350310950796005417
1133612572583665765
1342878742418034750
1394727653365387346
1406449841860644894
1388428803654815884
885862640671404072
1406981447906099210
1403316564140494931
1295019915136208966
1256971361948139631
1332973699242000415
1165852510343401536
1354846719707447348
1424643665304748126
1424640082022895656
1410630531682664549
1414631135673323531
730638933486207036
1417418691850539029
1327472569405673502
1228684104266944685
1420373040323231806
1385349212106915851
1071424467949064204
727252392940142613
992061884834533517
1293922531207680064
1277498520651173957
1363599083998150656
1262332693434077268
1331690051696066642
1417379218312003707
986668575056080906
1345463825134260224
1394721799417368686
1233297594394869844
873382755088609322
1269254013728198710
1445776076193140908
1178729226413809664
1352857168956620891
1424656009007464629
1217439861838057502
1384983048512344175
1382347796216152115
1273375111801475115
1184460984493027341
1295048253124907094
1379336880658714636
1235927088293478432
1176967357017628784
1342501158920392764
1235798149122228237
1106186526674669598
1295744844039192626
1307628792608718908
1279351651349565460
1441720645380604007
731729506980724736
1066772986734063778
1339319271876071517
1073215932895346699
1241316307933073514
1187688065704132681
1336604816939552811
1134138866966732950
1092299014403280979
1348651978145927203
1405925091115663402
1240276709568286774
1381967628066754573
1373604090260750416
1102197126190092328
1179374287338082364
1361193387402723358
1343252691576553492
1260880064250253393
1209297080263249950
1158354285780799498
1118026960765988925
1318652497950412921
1359701098201354281
1367791549458546789
1420765409153388544
920176708429164554
763614094472904706
1408818163784613940
1186364272490586122
1226278089940537475
1366334957580193802
1235143796577009756
1404415995157680149
1419400769588695071
1149966122087612496
1438900343114039390
1293777774896480316
1371570335547261031
1385440757099528383
1378017627297026188
283449547957731328
936368249183043674
1372130361143988276
741599907256991814
379928379631337472
1301926755493216257
1170319665805938693
1085956689330704486
1362618233013928079
1356866824129745059
746075798045458555
1087683188073168947
1358374547597820046
1404838160512323680
1102420453164843068
1337637201990914108
1038303203273474059
933630767274287145
1376049186964770849
712498509403914321
1340629826783940608
1421114392304685149
1369536571971338250
1368251180018303086
1342348041675472926
1164544622790451210
1398249834044981289
1395741680099000350
1317531100116942848
1331029852475883612
1373346838866034919
1194613639181778984
1273120059287539743
1134196050652049509
1337291459287711785
1106044159661453392
1141197113766707231
920425172866064455
1145944376426635306
1378372613159518248
1380240240504996020
1354705175356375112
1364324950491660330
1330544812901924987
1297499028669464638
944004575608832081
879589599062679552
1361242611695882371
1060536240732131359
1289816910724333661
935202392394330132
725832954491961395
843160443718991893
1151020980605562902
1379160291983495168
658632460879396884
1415370010901348384
1043470888747671603
686485175059873810
1360568347070038016
1291069450065281105
1365748542328541286
944016826751389717
1025992457428684851
1395254614395195533
1277076961377783836
773560244289667092
1238537909599080580
1447624916693291068
1397648085487976450
1291390831760117800
1415156379496353842
1311164018400034846
1379656110260097126
1264723097357914112
1341400647290847333
1205724405377015850
1379712067476656200
1374577451191107677
962145130566013009
1351011640971100253
992570409646051369
1389179527804223548
1253963455426461747
1376746168985456703
799594656761380885
1413772706050215936
1127635952236507197
1207338658642796627
796239543250583553
1392028738950266942
1151486687189413928
1276123436590170224
1355443956913278986
1330220513217220709
970619858305814529
1416563354423529523
906237204144209950
1383067327565660264
879974915577610280
1325661165501808733
766403334755319898
754733085639049236
235148962103951360
1258392080183595162
1241045757017198737
1378781988021862521
1379185791074439239
1340779483388580034
1398093330298044557
1415542979912925285
1330426502306594867
1280921985991311370
1350681506653147176
731149834139992074
1250441427536842830
1015333293589286953
1367114616152522874
1289750525872439339
1411764359704612944
813877707133419530
1228275304804384840
992847368758247484
1208590988407476259
1204734402442039337
1366562598983569498
1332652488314195970
1332902498146451480
1157729305284059206
1428030650551763014
1288306350970900524
912303050138460190
1396468235414798366
1414316351132274880
958309895965409310
1409175929133203539
1406677463609643072
1393900657764728896
1417437466247565355
1258016569376641161
1128971384610107423
1380082100983828480
1354613929657241620
1315279071680401461
1407376009635823647
1312813007134527498
1280188971451809862
751676775561429009
1312385223287377930
1232350476494962811
1411652956754808872
1239858143274471444
1082485346568253460
1354686979186491510
1398665098742206484
1398817313767030785
759688695635902465
1129430268537741434
1173236965953507420
1378805958154784859
974637260190416966
1409901814761127976
1415182854463291443
1373197743035514931
1406855152866168932
1394983516353204267
934659681106919484
1417459284790214679
1407155910274584698
1390284931329953794
1151866766679613570
755292329065185362
1360503108173828187
930654503601061908
1370111714456240189
1271011269654351926
1417470780928823431
1198596766233284679
1381766231283073124
1330608038075170828
1249545188007739413
1239646758208802887
937196500100976641
927144118029803560
1298406009328500817
1377191002204540990
1382685397452324935
1417255189332758608
1331172346563920001
1250593735528677407
1425401110872588298
1364384224022364292
1285617540818796557
1374581058175107145
1361854038114566316
1117872186225610802
924987489406562364
998028704146010226
1387796670854725682
1384732616913191015
1063736999980302346
1397817551085633652
1409325454254538763
1049347710790144000
857627333593792532
1415053794022260908
1396017682066706542
1294309959986843793
1183022505452122194
1257704732064223244
1376585182139646005
1356388731141099743
1370924496638185562
1407269311898189835
1353102020449402905
1289979368269152318
1348180789883568171
557628352828014614
1389623180032872470
818381540835983401
1335199378540855379
1052516061465026621
1377621808576069745
1255464219478982697
1409937256671609025
885545069178929182
1370365157963731118
795534554227015690
1362640672842186752
1380576137066971206
1170146976642379801
1421119423640506512
1263036283090108472
1311315487493459969
1202438572846874635
1352287228814164079
1350743849353347083
1173254482067464242
1139185832759132201
1399781248976687337
1365560662755115059
961531269802500136
1415151985547677756
1078894715644149811
1235501190519980102
1334457709944377436
1343788585543008297
1392066842658345070
753227656446607370
273421765580029952
1402267752294518927
1357518595609071738
865385554798182430
1377223550158639194
705088169888055457
1375343977389101118
1424281058072985690
1363104009464053800
1407006068931821670
1399454388342493195
1141414217531007157
1237405706865475634
966557814380171265
1152852481173377045
1334416440006017094
1405941280604815463
1379351716457353339
1288094532503867496
1296378063935770675
1405985691535675524
1069982792663978125
1122098637112094761
1067799226953773106
1048231824247242792
1341709508661088377
1350721189416538112
1375847637252575323
1380089383218319440
1245821533864067232
845189672967208981
1338059186894012426
1395147599899525280
761838560230768640
987989226320715796
833595027120455681
1387879973754372337
1409142418523029535
1126152533698678824
1276716150780071967
1371098809601490975
1112928973408706590
1289431660281987082
1099558416696999938
1301958412980191323
803237115293859871
1143547432186159314
1330541344451727462
1334519909090070580
1080458062386696243
1050007099872137216
1358600577927352421
1060055185055027250
1356501147053068458
1344598373545545788
1415611847607848973
1366103231591219272
1407561637447204948
1370054686710698056
1414627379212587140
1394158598313213962
1173779581728215094
1103081291886374953
758929153009123348
1225468596159774791
1386345271507812403
1350417845699350590
1249116442121474101
1271352456512540705
1382790047522361414
1346118141691822174
1376580436326879304
1068778730165645315
1355552550128193726
1373479236970741820
1425022182261784658
1398239408259596388
1067920345107025941
1406320034577649694
1366884932873359461
1323147679668240396
1332058924484001896
1045689808934146139
1374790226232348753
1022450890998816790
923813525548314734
992599225990914058
1334835998818959432
1360107336953233418
1261623193391861821
1266270471104630834
1364425065130889288
1068441602923708416
856741116912861276
1041785649679835157
1390620067259224125
1353951687575994502
1408362622709137419
1052454582833381386
1383041444385652876
1175519675732480020
1410038173744238593
1245404766331211876
1318088667180433419
1373334515413549271
780993336344838164
1227010967469293669
802791412013858856
1265669981513711773
1408974316229496913
1416805466398261399
766207388273082369
912862419292921916
1377957589610008667
1324668337740972062
995075547153567836
1306834568170569800
1338040942392905759
1066494835424509962
1353994411666833461
1239259829348859995
1413470878930436196
1328304034804793450
1404131013591830550
1302287424180719851
1330580529111765062
1137555798441087097
1238787760395911208
1346164211096485963
1271431422099329115
1086570900352155709
1357990495518982234
1024416221027893381
1292404803531440212
677042950491865099
1071576279985442886
1052783372834975885
1417405936573616139
1052924396353888287
1064742464990224424
1164124359657537587
968576532484341801
1330082500948791366
1307264913978163242
1377688893394255953
1212386245670600734
1372805482879913985
1395254912610467912
825848674756067380
1364561888184373289
1415269485438439496
1257999094614331404
1240294267403112500
1416071018900095076
1417243355607339098
1075045200524742736
754552362752016434
1383646017521455106
1255628360768426036
1393191212579688600
1365814415349383208
1394725839479898246
1392153289620979896
1364991086161825940
1236927620298309683
1330079784306479154
1406285209233784982
1340947227207532628
1396724884230635620
1326241852348956723
867618573379829790
1386146171944439871
1360199299979546746
1294442915438919771
1027149358208127006
1247463715805073439
1403422453148946455
1353996450123616266
1363006171597901866
1379732620585205953
1057770024598765720
234068318594662401
302050872383242240
1384223730590421032
1048247899886194770
1336264424297857090
1369291865970442280
1424432667948224532
631387455773474826
1056608861127200808
1407415063664660500
1263369962924281877
1282887282965090315
1407648124918304828
993777255408996362
1379395570195759125
998943183696310332
1405771511725559930
1326094596790423583
1257687155107430513
1369700156970373242
1286188697003360286
1367301446948753515
1266262564954701847
995215237441654794
1270089990168121397
1239630504219774997
1140864919970001026
1325579039888511056
1370214681070796841
1314150360176267299
1339896687849898055
1186274277113213049
1038855131623587881
369618010325123082
1129515822344306739
1190364648441126984
1332718290321150015
1277205914587234325
1392300259975237732
1261074571659051019
1364069277921050685
1046395549915566090
1371827880345993348
1394561067124002939
1406980617723449435
1178491223741313046
1331587616570736701
1396900043927195748
1200305356321071114
1404921266577866799
1321083515051446293
958225232185921556
1373643905102381100
1395253137249402992
1355205244346175538
1404410367471521997
851283298110275604
1328573004879233026
1379076795399278675
1214248986651922486
1292532955629224047
1237165676570083374
1373856339599691807
1331592803129626679
1206946182299910195
895147062721642496
1378801234844323933
1215901693955407892
1187743743814684715
1054353638614638652
944290177092833302
1270045436685713449
1341434545882402846
1383104086207102987
1112583107573457006
1394716723134988349
930578247152971876
999312218258681966
1384115846619725926
1042028440628502539
818755549737779210
1290238438389448776
1406799033338564699
1267832485878824966
759737495465623583
1351126401918697526
841335939635609621
1405382560925880381
1246866930800005213
1415348980300255403
1164125448297529395
1317977812283691069
1408022226745430109
1380153443506716803
1175008351537614862
1222743675751108631
1290071263850528829
1398922078316400702
1299648988206596126
1362056759681745139
1424687464680788089
1357113694177464591
1417451345212084224
1379326306356953180
1149650155449110628
1406891394018054156
1272078935315714090
840814222455341086
1366319442090528851
1387112747099095040
1198467221190619206
862152119930191874
692045914436796436
1245390642763534396
1418775227516584059
776419197617438751
1333305442817937416
1415628484260401276
1393269902445645855
1094591337518616627
1240998983430705233
923196275984326676
1401149896819605514
1348021715254644963
753649380925374475
1250303183016689739
925223437910282381
1363982138470567986
1221061630779981854
1333990013851013125
1391953158925848658
1381930017356779654
1055636310251020300
1424380067819028531
933148935512547449
1387546289604137021
1412448125037314079
1220446826638086196
1243915087111131189
1372768850910777394
1408747534557384726
1407749303962960078
1410349799168934048
1339738374147411988
1415232474791018527
1275439540340916347
794443315877117953
1071039296150183946
1302675616965070939
980802154992369746
1330587812248027146
1340414773858144336
1411792864970805289
1144202417529950278
1347965429863153664
1299932498192629843
925676360767246356
780757017211830273
1359452303203111087
934780073930793000
1195020662201389226
1323948580981051422
1212996606962565133
1337773690133151787
1334911183547011108
1330403265308917875
1409593278260576416
1380967676750336061
1395671289196187679
1408017835526979604
1411762543348678819
1307454976150474854
1377571806306897941
978976867811995648
1402917833549156444
783645051045675008
1366643223824437248
1375866837572522026
1246565057228177479
1417396557107429428
1383485050800050309
1415044329101332582
1397788362836017243
1158804022506049536
1049650624825937982
1375830133620998194
1063265375158022184
1408534565550690324
1317880966110511203
786515750322962452
1296037040575483967
1199091404547309631
1197555713208238120
1241803576267768019
978348318109360229
775618720965066794
1180413644304044052
1322090392669130772
872087248995233852
1120677162186461214
867604267665063957
1109714278640001054
1111217676178702357
942770763260395531
1221154173362638870
712195617098563664
608683879489863711
1336685783154950234
1347911506003492967
926895424768466955
1211651930519240736
1257230657202028556
1029233601931378719
1388418358965436487
1180857275263483904
1278577616361619488
1233761647919632487
909160033835704390
1339630397226614869
1355582245913755948
1345731214857867306
1415052523466915941
1376163184951558235
1198372201393553490
506607020905070602
1370204726439706645
990974021174710362
1406726924759466055
1363400732430307329
1186621414359433287
1392809113267867658
1208836934500360234
1418138159769849999
1330568089439568046
1255178211428532268
1078789255339454614
1424643070238134273
1223871449824235653
964316637027266570
1350102245055660072
1413345179586396412
998056238191497326
1398884859031851150
1375768189237067877
1380536245436022804
504232260548165633
1417405201421176904
1362881657451053329
1421105038134345860
1410307146255437927
680521644330319914
907569732738236476
1379368831159631983
1347937507916124314
1336664940362072125
1000541332785352854
801792524271353866
1406854431496081581
1415036138896228412
1410927985791598603
1224661951385174047
1234184948253065256
1377854321584111626
1230279387711012936
1394555814651363342
1302418454888054814
1198612188139634688
959133357042728960
1074286110060060764
1392512958592192733
1300107028253114393
1410532407903256606
1380314194594758682
1285920733234593915
1101534589429760020
1416405171310952449
1378965073640554516
1312283688763129937
219863912147845121
432371740811853832
1379632980418363545
1233363202167935008
1364561192475164672
1341630134100426762
1069264798900047892
1342754119924056155
1405741955538747433
1206397707946692618
1377797975585062912
1305424290216415285
1381267643021000704
1342097000916844594
1394728426098655242
1232575986520948748
948140120073195571
1287868197470736487
1369177376885571605
1399005814815195298
1372800000156766259
1284565025603850312
1366046705711054959
1386894028280299520
1420316818186440714
1342478643481284651
1345757997363761235
694632302701051983
1407399993563676904
1380594235891384350
1346323829999407105
832833272588795917
1285731121606299661
1232450137255710761
1380057773835948085
1410974617660559442
1111637116863139841
1160934809233784862
1280173618353012807
1374976067332345861
1422630164361384018
1377497184810827776
871480040435617862
1207511611519139860
1397197494080897109
1334971145346355242
1385471855300837489
1387832607881953350
1343700209548656680
1347148243208765483
1121298899714445393
1351854238183063572
1396909811370688644
1337029154293682197
1377667527819399209
1371410121649029191
1242410464546394190
799277395118915594
1389421291123249262
1353753778158964820
1394692508453441596
975809394887499806
1101128557599670303
1271787801674780715
1029069560483160074
1213380884539899957
1398926267386171413
1171990865447755857
987481065306337292
1352832313125371996
1215582859621040138
1260651025514102784
777519079695188018
1335194748021116952
1413010236750561310
1181729612322066512
1406457991305105420
1363571086964297822
917049534306189403
904172305465372732
1029469999695396875
1184819855782842438
1379719083649532026
1207846425455632386
1385750743809523724
1337409112669032561
1368512785331392524
1414360829679239210
1335909947778662463
1304418227107008613
936989583365791825
1342657545852157993
1409151621551882251
1202645276662439998
1395253227221684245
1330260882843897998
769077716917682186
1383619169609711788
1247239199275356242
764008887590191105
1142804044130304040
1341364246772191262
1412717731572088913
963422359757389884
1292811155903086715
1406983133437497496
1380256051655610430
1187009810726658131
1424658224694558811
1162605058865766481
1424652237959069738
1213836484227108864
1367861583723888701
1345743172118249484
1370749545234960536
1303493202514415728
1387098971301875752
1330146275118809159
1375765394555408434
1341692925272264717
1394722209771028485
1084756855026356244
1080739658008375296
1096808950709633135
1024675765297631242
1326313794342879244
1183007663450234930
1369197346583351307
1196501532208799814
1301055079390121998
1302215801742557196
1381206095611039885
1347151829804388406
1390312154368049203
1317788551450071101
1421117677417529344
1442181366375649303
1406352680338718760
1336962006690824234
422863132759687168
1415554105107152896
1146380840037781565
1374657558593277992
1338227902872813569
1330919802818134097
1408502449429418205
1388407803433193492
1398235066957697104
979496757291520010
1349470566062751814
1403497919344148487
1240513219043262614
1401228808710918194
811387740809068626
1318619571002937410
1254017988974350427
1415174739508461648
1409878366705680396
1250106233290096817
1366569377570357278
572639786821746692
1138877481936490506
793712785476419584
1112350502672404570
1421125462750662783
818321260319866880
1247853021006663725
1246125835161702421
898374360929271808
1373919753986506864
1292092461912428607
753791035645100124
1333969303283826779
1307652817321852952
1408618205030908014
1372832476506095656
1253301435039223941
1123885933968756796
879238075975344158
1037033637603967127
870176893515730994
1398245028090089643
1371812763524927529
1245739444234092656
1371403101549887542
1402180788300021763
1195351443801128992
1297632345767284878
1136071934396858378
1367748097517686824
1368287059042898041
1257234362903302227
1337186876406235287
1423964422296305674
1353379471889273073
1347741136969793567
1110885579064873032
759067690215800862
1028076390991532123
1043752739819237457
1351525719355949100
1228214064426123306
1378448544318492723
1301128782974816307
963432669247590400
1416444915126112427
1244960396058558554
1063465920284069889
1208682106906091562
1005169441455231007
863625415259062272
1272907582159196257
1110552437758119966
1217294412594282509
1142587152144814161
996688486541295637
1332912457059926058
567902200878202885
1419574300553383996
1339166234649821185
1405987479802351766
1323425584247738370
1415364566401155072
1395253220569387138
1332245379927904266
1237509388114202705
1248172990315630638
1371530078948692102
1413533159504613530
1253611564771184662
1335783790798180433
1331225882638946323
1154722185215234139
1373372966233964726
1409057114621608026
1360828351496847372
1267666243721367552
1239930518469087284
1423221764602986527
1380420976206024705
996958594127904811
1314346234915328062
1152681299484626965
1395148136678293524
1002387553212698724
1361928677746540664
1411255861401223258
1007138762549121104
1379841561873092749
920165016232153098
1343210332432105554
737100101587304469
1083003840053395598
1379466347779588251
1337287481506271292
1255091316619214848
1376153292832505870
1368739248865280023
1264026746160812053
1199872988120633456
1345018511487012988
1290704984010133585
1364351252783431751
1182669817925357648
1359903280171454595
868553838712471552
1407434466879737856
960176130701279283
1284788568295735456
1097380458397962341
1336636641799962656
1162328594857594900
1413908595082264728
873830083717136424
1192807802914213942
1372774743937384458
1027970237976563744
1117742475151421470
1407432110989512744
1409076254673731639
1395202457864507452
1434246678009090182
1297895950567870524
1387093599824646194
1331577427159416887
1356105923030024202
1255279087786787004
1020166649015447562
1387022194634395679
992325146650099742
1394717412192030931
1082707426744205372
805450486059892767
1390490195966689381
1255022319114518622
1391336158079877191
1240383548339257365
1098346323931045949
1368230430993678367
1355524105058910342
1092585696952328273
1404040350347034624
1099741289412558888
1179391560517963836
961680859038113882
1132201304945610834
1224732162763395174
1372001785941725235
1424073426242637904
1417429929653567595
1343708438475051008
968731422493913098
1252412815487144051
1307022076145565754
1424704483426045964
1300818856318734419
1439635444164989088
1346063799316119575
1323478823358169172
1424373661321662659
1403779521098027071
1256717809229103155
1281082876498022442
1133007831633776701
1235014603008905266
1378994181187305522
1302555728208199742
1395145883724677175
1408093868779503728
1252585841860018271
1365787997282369577
1265268359000363028
1417254427609268225
877194191732617238
1222656903700676699
875758436174950421
1363402649407455258
1334110739086049321
1350444653606076476
828855275069898753
1415272728944050236
802677378211119124
939153387734331493
1416518303668633661
1258872430177550377
1374704464023392327
1343108531397857320
1399553169779982338
1381309865900769474
1194619058239320236
1053566521378607155
1382923066052575332
1347354621886337095
810134513723768863
1304027414170570763
976639882581659688
1319292468012912651
1347946799670759520
746375989050736741
1320826812812492830
1152361850407755836
903004217759895623
1353008146356113480
975565706840129556
1420765856706723883
1344087310240710657
1166379464947679243
1256973255756087318
1117381558928683069
1282380895952572588
1347453214466768936
1415220290086109234
1073984085480980521
1294344413002334310
1065242363108266027
1199592244030734358
993823098744868914
1340121972998406187
1326027039907516490
1391336337306812459
651095740390834176
1346524218413809754
1382263019794333796
998083310863532102
583612651125473297
1387768108088823882
1342928293313249300
1122137332577992745
1394859348466995270
1424634330491256923
564503475518439424
919126807821836320
1218857649232150598
802566554818445346
1291136798638211224
1202488913378279498
1064332934670200872
1120318477761257522
1014530315831746680
1402323391922569226
1313387115504996383
1373832216387387435
1377855314715738323
1325022966655746098
1278462849420627998
1415352508401848481
1399100439177199680
741624039457554462
1415276041672458360
1391394029169807481
1162635589863100487
1190441627353890876
960670341049511977
1353558352202043423
1121236756851871845
1185812374364618854
871322889377415178
929711785362227220
726311273771565106
1301931917578469532
932270094652936223
1097193326396047381
1107654765237764137
1078884364752007198
1219615957748547694
1380013385147482267
1346693989314859011
1311509073954340926
790704487983611926
1424376251707297896
1338311681532624939
1347095758062620682
1378899164120875108
1273930273473429586
1380799418328154193
988776931036135464
1003259368860561430
970848497693773844
1385648467208310916
1145261982526742618
1395293312260378715
878189739361075220
745749916915204186
1342875427646996656
1408980614098587729
1383199275281940540
1163438344043233310
800429278038720542
1371112595628621858
1068800615960023143
1366439905521045505
1408130451734008083
1414991005073149962
923894553348550677
1357639998207426650
976494774108446720
1394721414270947329
1213393283808628786
1321353681953624089
1424658598364975185
976159818761007255
1386026114786394202
1267480395105177602
1420299151077277727
1368571260493365348
832110450878971936
1382186160507588740
1338419636298977372
979438919659687977
1409324114568810656
1386233075570184323
1398680617138520075
1416562635595448422
1149621855183974400
1380616076546543668
1383662390985625683
1376990106761826415
831412952765693962
1121764417491701931
1395583620718006273
1417448700380446796
1070020962269016104
1204008870251470893
1233315184869773357
1373540581892030608
1340981693942730793
1386034993343496323
1243914258358599690
1353272391723122720
1071240549597724752
1378645065441742910
1351879684295626863
1402343504469950465
1415630872790437961
1339935155552387092
1413508306281955403
1358797983231250462
1329588313023057961
1372297192034926783
1068966096016769035
1159751831463936060
907157060364419103
1409267005579591852
1361488416843235479
934625078975549522
1395147188253888642
929000242500759552
1419800606004215969
1189936792867192924
1281874104332456071
1357972147833802842
1385997573633867808
815901889710260225
954875916453044264
1181473406630248488
760794282424139777
973212815529742377
1241775329866022984
1414632043312185354
1386031166532096151
750667054130135060
968533177985560596
1358001704494432256
954046565037793302
1212389679693824041
1342772467500060756
965297069805961246
1357854750275801261
1338764751005552751
1240447073896235110
1296414487276027934
1381182222307950603
1419012915876593744
1037966383276888085
768336378152615947
1262556546974355498
1409868083300139119
1377800364731924481
1339427606080000023
1421114253821087777
774555218624774175
1380788291833696279
1411375368954183700
1008316214415724595
1374876840027623424
1404096329885683793
1210417022563786795
1329740531248529409
1229182994716033108
1400571490390507642
1383548130666086591
840108830280384543
1126149311860846693
1277122064096169995
1394728380569485433
742970851367846003
1099597150180089906
1414263472002433167
1382684549603004497
902564767779143800
845153100825100300
1326246129939251210
1232384723188449283
608907455778390016
1241519716644819014
1347758278549176332
1342035867241545779
1146295561872490587
1322624660076232798
1261349268913131571
1386657951221153812
1349907084862423050
1386361724306722976
1038245714817462343
1273826143203491903
1323849416691417119
1354964966817402960
1196575915501686896
1397801184336810036
1355242028002316500
1188576113329442827
1153437238198292490
1222234526420307968
1391755960749391892
1109098671196356688
1396409572452995192
1421920190710550659
1372585892870492323
898169088529031168
1242172752690020452
1344191555191181403
1251762804436897814
1329825547617960029
1389573843085033575
1394729204074942596
1120905952955211827
1340639060770816113
1361931366077435905
1132705714134069399
907858332059041852
1394564560274456647
1254384065851822121
1160611538403598459
1384135133505912993
1424671815346819233
1405628152637820982
1415545321424945165
1111278955832561725
1415214416319742032
1369620991734583368
1265619319568732220
953153983592153109
1270339176444858449
1092986352783609946
865107234702753812
1230163531123392592
1373631076001382513
1339620563466981487
1105502117344583804
1353735741032894474
1340406364949708842
1153633881132634163
985349411146174504
966343791030206464
814486024788508712
1418102284247764995
913136283105259560
1307626905469583390
1408706105147785268
834958376218656768
1265865079992221736
1363535651278028860
1377689758519656621
1395147937713229855
1415172878063636544
1138079866621800530
1342020332768198679
1076624443394228256
1214941866458349638
1367894659124170792
1389149535351083059
879742440997802055
1420503653298475119
1346528179455660112
1409280604725579786
1013174183250907198
1153014241998155866
1331930416600453196
1269524875790385236
1363134440846659595
1162919015019192380
1365692149076725780
786110916357390376
1406994552333799475
1250482566428102787
1173132554820403210
918863303395123250
1415172726083162173
1311209970523701289
1327537775293108326
1260168916232175629
1387748674301333554
1171655527512686614
936585507482239006
1253694392678744164
1330551129892847747
1372707515317489665
1415142786499608608
1213842370211348490
810219518457675807
1337004095415783424
1376028097551274028
599077408372686858
1409896510811930625
1104090623025348638
1398211242392420413
1244198752441339975
1265133853559885854
1192330155125919764
1390193152186646579
1324380966449315862
1230536626724147292
994036441195757638
1372554990572273744
1236508171573657741
1128662497080135680
1284079595611623459
1395147320416538886
1369327710752473171
1055529420200366190
1250775924249595934
767661621001715723
1289762529031225344
1303131661566869525
1396935611453018193
1182648955469824040
1286109861414830111
1382375856629878815
1424780716981616837
1252454326195064936
1380871637368442881
1130097751758217266
931162853736579073
1415035145601421392
1358118389557498155
983343648693452830
1120017151445700660
386559067507916801
1402210763791143035
935283664319823913
1127312733658960033
367782083348660245
1270785879086071843
1263352054022410271
1345035641968267337
1055049250033115146
1369477397111636001
1083278609223008268
1354714636892504064
984164230037143623
1417314586452951090
1377680316583510068
1398507389019361434
1335648233535311952
1343310605997576254
1097897199339311297
946499839154352138
1394721115494023240
1334499554594394135
1393853594926841976
1424702768375005234
844470380042911745
575311576714706968
1394724567112482816
1363865728389742605
1413640986483101791
1378476779328507944
1290828133708206112
1282207343546863646
1393889304148836382
1377935175232782376
1338782585874157628
1396411089834475602
863829384468365322
1264453121447301142
1382083583900127263
1421127650230927461
748468646594215984
1117764659345363014
1372066100904329256
1396638451704791092
538830329432244234
806510812033974303
1376135259325861939
1224060221098557441
1388051238184030279
1064908190216634388
1394430287055814667
1407788701576073256
1370620408419848244
1379250993568419841
902512194149822506
1247751209712877569
863454302939775076
1135801131352731668
931563290667135006
1365333623699538001
1384513994802597909
1191355779966578869
1353260280322457642
1380444213061226676
1322446892457660497
1374669817306546221
1321709012571525172
1314473604926410785
1371283637613625378
1395200513502482533
886506307333545984
1359594625362300960
1299870406190301306
1324818788968829050
1253226646383624202
1332923634196676738
1352950648282546187
1331660595765969029
1254302094349828160
1212053213956804618
1332329781798113402
761430341209817099
1224265383414988812
1247574124910350360
1394725759385473107
1222286126241415242
1102421093492473988
1333410295963717709
1391484477250994236
1349668097358958674
1185833067739365409
1352224326853857341
1015918448573956166
1379430475008970763
547707927897702400
1347217585892233266
1365841538353070151
1394721470927736842
874480158034255944
1373344560188756080
1342712102019797022
1247920985743687683
1337785819708129300
637281144685199381
1377106753258258566
1370712984908992662
1405136849172828295
1371337574768971828
1246443331622408244
1339378385243078666
1390690665318318172
837665998932541471
1370640602353504276
1296098336675205120
1108649704213970955
1406600729551962216
1407616414793072773
1394001347174731796
859757956378525696
1001709553508954144
1038522783031890021
1306079238008602628
1145709091918983339
1413681439685214257
1421099926590459955
1330994976657506465
1414524115687047178
873143393008619521
1327619420788494368
1422575377535991869
1008243358902263929
1367902013496758395
1116740411868840057
1365998483156504586
1192439178206654528
1031785764016631829
1381873473579782286
1375503584778522876
1019879517164159037
1320142448516792391
1224416851296256122
1408659456220463278
1332951412392333344
1390324292994203839
1255485848368185394
1383129187971240031
1053636660660797510
1281811889055338526
1105137937437429760
678344927997853742
953870546339254283
1401866428587573298
1306853289618444318
1401974556138278942
1339947616414335049
888063965362552884
1381027906272235632
1339608399159230497
1351485923719905283
810647185725063239
1314855475522834438
1400480385829310574
1395797683989643425
1228620856050319380
1244491798869446736
921952295795687466
1218564892844621915
697108812569772084
1334174108401008681
1284082991575994371
1142276885900955779
1364693993006301204
1365610182335533121
1375427987524288532
1239486815166009385
1015457294617686097
1235647857432854669
1275834512194146407
1310051373970100318
1134848634983305227
1274732442124554292
1136474150194643014
1242071337153859635
1387430240112087176
1125741775714254940
763245276793143336
1415047546815909888
1370687389827072001
1352208413005975582
1091663951168815114
1408751126807052349
1350834323216924823
878578148885823521
1284906587076694111
1371872221890613280
1332717766930862214
792842038332358656
1104070257896865972
1400371207043285093
1363359657221160990
1228320623994867786
871909705755291658
1295745296080306319
705790560887242832
1389097667371728906
1305054498057748541
1350168727840362679
1397963142885150802
999595132896677998
1268443438924304427
1253311033288949761
1234484058939985960
1219316338183507998
1300085592817664070
1332627882081648675
1412705599782785114
1339767919336231023
1406602246023806986
841136742241009695
1408480509977165826
1212678670305468440
1380525246825889876
1346866872657641606
1349337357681295381
969259733003423754
858113966340964364
1415154625874624534
1206803147721416775
944239683930570812
1406586190555123732
1170117033925550212
1257995371821666307
1398244161580433529
1418996998106906637
984396176692494356
1302503902633000971
1331579519202492457
1002615289466343454
1332584728116858883
1277149289163788298
1416879005331882166
1364399680074813482
1127265395598958643
1286328764002861117
1324964258659827766
1378073881373315123
950322980150456360
782737110737616926
1415184485464539226
886420698304770108
1311389902667120732
1058211143241441390
1221068689374183475
1116277723212558356
1151762005749936219
1412701416316735530
1278137819562508311
1424688560505622609
1057979841946865714
582081917449666562
1395146536026898472
1374074512508850228
1279367903371853876
1144457826782171186
1035941398509273118
1394528627831341086
989593978645151744
1379177779630706828
1188340819128758322
1303706243843493939
1043152479199699035
1192122026677244045
1337687270458789978
1289908192574308426
1310099727043268748
1334122714860093517
1349230069700231188
880647062763491438
932894042361065503
1415629326111473727
1075828083673792692
1389306936775934066
1381974951996690446
398413058965504000
1415173403727499304
1037501710517678120
717260234334142514
921933677796147252
1206238579685195818
1349138386518282300
1387008826632568842
1268831017880256650
1417318831184937013
1414151717867749407
1406525160651096074
506736167249772545
1363041596911648822
1429812051877953699
1168622480919896104
1372451093480472596
1357401502876041466
584595555309584384
1391776631596781589
1301551593946087525
1181351007830151278
1352178176138154024
1065614433684045834
1320765087581208608
1399734134351335434
1180054766643064883
1240271218230300746
1272872469019234387
910540299011522621
1275106389920059412
1202030579856707645
1375494906222743572
1413753876095438941
1279555776121274534
1346914224462626920
1375844774359077015
1378027411039326299
1024365860246278244
1370072172130992129
1417240949959954462
1175413995323260928
1373624905152725062
1009187735585689690
1187623592335261698
1173005765963960446
1382249045069922376
988146376217067562
992344231303720990
932670176846024765
1388751026542346250
782701936725196861
1373911560505786398
1415355710593568788
1015223202689073162
1375946649834094713
778058817073446932
1056230981746565140
1139255691920543816
1378751509516255394
1172055153457774662
1246004279555133485
1308310798581501994
1202962916878319617
881419048573874206
906085578909548554
1350736248540626965
1376797480792100925
1446596880539713647
1098440111349301369
1017787504365146163
1381239492148596826
1283131153729060957
1330247650238529599
1397218034883756053
703858869813772329
1391739513163747419
1408672497817358448
1125925772562018396
1362092547958247548
1357862291885920434
1389138791582666783
1194149786371248200
1424632533106167889
1268525204091699223
1361293885090824394
1378029283913760868
1339961903664861305
1348986678609444874
1411777566251028630
1394726773740142706
541734840790417408
1294642815128703095
1083693505148370944
1420641469735374859
866906246053756958
1345832372758904892
842834947089236068
789842825105768459
970565738567991386
1415346311154368694
1097253951520379022
1343942810667061299
1419800910132940911
1008142287982829608
1111249907332960316
1015251620147232838
1372124091460354048
1313177747664797757
1373503623396458496
1128241747445678110
1403943831371776194
903123073933398017
1391708066638200865
1290637603535589502
1182975339085959280
1330579108467572807
1334858936318431304
1366629147551731753
1166770474324340792
1409878038862237871
1351691699616874589
1334015758522650735
1188524633331335230
1226468610650669076
1408702637771194451
1423961226303770748
1415147657810284654
1313127078580850712
1303616560723656815
1355183670335377650
1415042848314753236
1013644930645774336
897765587751698474
1196052311127097365
1387884012244304005
1316011967051333735
1078961821270163456
1376888989948313600
1213227250854527049
1352156857526915113
720351927581278219
1173632286936285243
1379365353414721556
1127672735691190443
1101173429421473874
1179131956655575121
1004597333553594388
1152190455304421416
1143953128299966466
1398234114364276828
1407513165519917157
1093150045244751954
1366948672272728246
1384704818920030289
727963112749269064
1285555169114853472
593784129003454465
910431212840058911
1384896436029751350
1322644074091515936
1257662413038288932
1149950769093681192
1408663180498173983
1058662074596720730
1330841515097985104
1111171159145324544
1246526302257942652
1200027002829283370
1331186103868456965
1340359675388100628
1317367039454740522
1362373138658234400
1343303088693575682
1373871693143085177
1381359237313200130
1376194751098916935
1401912958128357520
1222930347432349808
831953737194405888
1233629545794502656
1414507630868693093
1395649447622479993
1382652815998058557
1349018715693514857
1375995031386849412
1221308965053403190
1307107765956776037
1415550738255315020
1424375558049104053
1422199735091204229
1412069483874615358
1365992449448738848
1301438745526140969
1337757011353272380
1376094984293585016
1370196961982152798
985814236515143700
1363069297550954539
1320932130515320905
426628873346875403
1331558078067376193
1251857126322864150
889358379913465937
1395145906252284048
1252499790910980148
1368558987376722051
1332845257968324619
1390314355509428264
1359104292501585924
1422978096273035324
1175278129602887745
1297373041721868291
1304819726798553240
1382154476479315981
1367872729126015157
1037900811289763870
1359275656541896714
1370597936165032039
1229736704521408543
1271454104719327247
1400853244141371433
1371181990396563607
863384954096713758
1063103643009695755
1026906195816095756
1254450733559058516
1263131816135753730
1150025964743569449
927467463300513863
1424291330192052328
1050199019789496400
1408530328129372282
1333394325928673290
1410243205596839936
1105502120830054520
1391495909665144955
1078480611032969246
1302821372598419557
1294384799586324622
1360362127982067764
1066620863660695572
742163079307198544
1134482377696092180
1186697514481623111
1408792604740550709
1332153860927783023
1406300468115669139
1276144964065038378
1415347866490114242
1024279332153200650
1028241001430655026
1394717220751540456
1418241279069917311
968434153076957194
1170549584255262751
1352224816609890350
1168117312407212125
1340119819743137796
1349330393597214802
1350927085346095209
1359918692413997198
613751878370721805
1233709346735788072
1116711073974861865
1335235103135109223
710731448768004137
919474010746662972
766094724905435146
1005654362896478228
1332717250301530143
1255141064063451279
1417400548226764851
1148700109278814330
1125431037212766380
778927767902355456
1179355265825513565
1101390145548193832
1391501508994142260
1373198532173103104
1267760573404282943
1150891459088748594
324985006273462285
1371833237407531010
1407310985123074130
946920697471594596
1408741465865326684
1308220671418957847
1375773538467971124
1331307845303406632
1415359054322204842
959431571717365820
1379575713832898581
1396805385540861985
1112230209970778212
1389488477598519407
1405766637101125632
899899858981371935
1329694743600435201
1285982606864814141
901113421070753892
1107929737642389504
1183617969734037505
1312323136670269524
1335977483404709921
1175013919413256222
971742042357112842
1168066806292942920
1334589796831465493
1290717757838594073
1059677800379977808
1297203677638950944
1412346917979033620
1151117408241725450
1178176816419196991
1192400514734903432
1395200547971399731
1167482493310611609
1347781533263593613
1267848197771104373
1380493996928925806
1421024181021311008
491769129318088714
1279713524494503993
1350396655383478343
842127633491427328
1214267356336099338
337130140662235148
759657135972810825
1138259160862048326
765538991041675274
1375235000475058206
1378134796709920920
1362717972442910821
1357336815576678501
1167443343547052082
1373222887367901235
1128034458910605312
1243829586421088322
1404507772065681512
1224893118298591334
1424066761321484340
1239039781246078996
1373864116900593704
1366456652672536576
1138042302238035988
1406588322318516315
1414987481127981157
1271914136262938687
1376601487588720711
1378250987352887296
1391067354443812965
1414634117856886824
853506327137746955
1154292943528661023
1355500576242401281
1406667869282107422
1373726983850033316
1268735525263638549
746223776370524251
1331581579461660778
1374057032566440006
1123282316559654942
1352942221510447166
1369872620014534686
1009754862747123722
945525920175890432
910283110724296725
1244246260698054810
1115391130083790971
1202884382151409695
1237639645387423757
1331212943219753031
1294261135796867155
1309815262610063494
1010193229708267540
1412415422367797310
1342103732908851310
1308796456248934546
1424361775347793950
1346144376589652029
1189283672772333628
1332326914408452098
1417323687656554526
1359410139433537616
1384613897042002041
1339591911073251452
1386768652447256687
1082283651083022346
1032209002454581268
1365600276840448020
1410578986458681384
1234736482846113802
1135472409772818443
1374585398340227216
1375034732638765079
1292494093401849918
1114900114872475668
1132834345154002946
1159656078158610522
1309830003898318918
1281034756485812285
1343506643174031403
1258832105316814993
1401492794622611526
1369092361468121142
1289803869928423528
776586121021751356
795319458922627099
1390704419859070986
928675087463379035
1350614476449120337
1391454189313327317
1166619342859931678
1378806565036884149
1348987147981553724
1137290666599256074
1337797935592898612
1291007952055963689
785384879025946654
941353308138897449
1352280631887003801
828977849460981790
1409569795652980860
1069755344831656017
1412716935292129300
1005090369333121084
874625614546624552
1209850047676813414
1423984052343410801
1325067124187598850
1341449141540093985
717265750238298196
1136433167872569425
1306566519249174558
1081434042634879048
1330190686741336166
1372821269183201300
1352492310767734796
1306423388067336262
1420507084830544004
1408429148292255897
1133344365549469797
1408122237973827607
1232366370188951607
1332303281346842746
1280921523313578025
1415337878707241101
1285110612330020951
1354538437927112974
1086863987238522931
1349381186950009005
1400273623368859845
1069893557206401025
870679941551898644
1257547794152034326
1338467028834582613
1392773173971521638
1244162686011441194
1031729307841732631
1338098429343170621
1292685186856779812
967403801726300201
1405549919510728816
1415553459834458242
1351635347372638280
1325892815594721422
1124305131668770950
1377789236853346346
1313112388110647407
762705109846720512
1386706100715388990
617037497574359050
1386263939964207177
1020290134974922773
1100204674776301702
1375372431471939634
729734086368690258
1291287157918404713
957646283584176129
916817244430934078
1190514087386431518
1398239400206401677
1394479729737732258
1278635591181009016
1420352130782466122
1172354444680233020
1385148756185317458
1282729052318339236
696581953759084595
1004016713249067019
992067458900959302
884982936171069510
1346750122700046421
1378091229237088369
1264130780624453642
865934573443743754
1259330609592008809
1033741971807813632
1130913221822390373
1103294904794349578
1385170170950975488
1417334680809771039
1290058835100176435
1055160471604428832
717591166203461723
1388007560732344430
1266584569042305094
1386603688092766240
1233646363917418498
774728215293984798
1384951474152276142
1385598105835143262
1068917115781906523
1166691538982682655
1371523565702086676
1270343058055102609
1384755137335001159
1358019987373162517
1400706489886445680
1007698883901661204
1421104145141731430
1407092059210518569
1374073206251585606
1379706237700145273
1350211852885557258
1126492913065525309
1382632261999919105
810123124653555732
1398217318219251853
1087482065836060753
1418927850190540812
1185581300342587423
1291095735789551669
896665032174235678
1330965885153841264
1084136433108910160
1345551239273775206
1394563801772327052
658559199093194752
1400704363676041238
1085928322539737229
1377351761127538822
1199314321616949259
1394148999682064546
1182001182080782347
1365337014152593520
810701875581288488
1237836027155189802
1238827539439550544
1349887045023301663
1300139831778873355
1105000284301819934
515547395627548682
1352919082839834778
1301787948022239313
1340339020353503367
1223487281164193872
1383875017556758608
1165251119283458048
1353144482152976533
1204092286376480809
1354084360869118083
1391436892695695492
880403218721546250
1359207691607736474
748171238509248623
1406728595019141240
1192715581833629737
1432819609861488753
1208738835907874860
1331944782544506880
1417085877557002270
1199955286832726058
1196776869828251689
1409451493274161165
1410304468410699848
865230514407211040
1397421866590670921
1189797904395816960
1383187070628921407
463388601917505559
1391127776051859489
1391794107357331558
1378841119818911876
1415619621137944617
1380486135469441157
1274575980073189473
1339047994212745309
789047497284517919
1341062520487546973
1424663376025485342
1263407910046797886
1004089483517505717
1425134410994417848
1374738462464409680
1405973571041230909
1174580703191650315
1323584361429209088
1370448469612822568
1288634047383339038
997743540274737172
1253942375865122859
1060979116091916298
1396570517883981835
536991182035746816
1381137104070770809
1333372714475585567
886932796478750780
1421095451092058204
781394662673088532
1262031676616212483
1164227172337209395
1406231248271179908
1189600230140813422
1356648920389783724
1114853681439985695
1408872854061056042
1390018621081649182
1127793531189207041
1383722235801370704
687806225601396740
1280705063936852160
1253891128080732260
1394728328052867103
1330498018524401687
1334950589502586911
1262023663889289356
1377604870944591945
835171972191223809
1281121244384727090
625230327761338378
1314630533158011005
1188429652964941917
1340908645671637106
1316609160049197150
1423616729539416168
1368777172797624422
897975463639658526
1208765248253988874
1117039440792129597
824119071556763668
1358825287034339551
1394369985983545415
1198200292181811286
1027982096565805076
1368395546825461900
827201480016658473
1415626742160166954
1104271851548577882
1349103062542716949
1359898623890034850
1068691502781448264
210944524468486144
1357673062467637358
1214221796409348159
1368223378091278448
946038968238092308
1340355100840824864
1353164240177074176
1415595985480192082
1349654846088679475
1047400331362971658
1317738786251345971
1218522574766739607
1401370064762044547
1360154998482407544
1421899599039430887
743751606306340936
1407484303813771267
1398696290769961102
663996662112583681
1346403473544970262
943918016779923466
1218573594917998754
1299011732999634988
1390614552625807441
1331474201546068072
1344810284963074079
1366804753086025839
1291627407375073340
1077537302542303292
1364343428774760581
1316715153093562399
1287285730351255595
955026772573954098
911126208694071318
1376707689102442526
933190039804973098
1059573693229047809
1415142633470165004
1398302527140794401
1048866128258158632
1335038648537583616
1377294125421957315
983582258264961064
550560271689711647
1388943167839272992
1351151833355128852
1324463330676707370
1358604329010855970
1389603259248807968
972004864483803167
1096250806816219256
1371788876636618852
1308446501197971478
828451735562747914
1234592539324059709
1216873640964915291
1408926770614501457
1007431195992281239
1406277237782745201
1204268539205259295
1383526525667905757
1325205209676386404
1362111062073278524
1357843437331812523
749963361600405625
1382090002569105452
1372291633973952737
1228381839979319338
1355939885806256328
1295624066144927755
1265921931513958516
1298034612076941369
725775519089426474
1163413122586005575
873934253468024852
1393861306913919047
1379890126666338466
1353973231341539348
1376562699718361179
1337684350468227113
1267009126303666236
1365216853865009193
1394270771378917470
1370986894304870412
1333747765519454222
949723656441966702
1322624827080839189
1193108145283813496
1245941790868242497
1378394487012720659
1387347714202931251
1393756751974629520
1253571977696903229
1248546759999750185
1422479077599608875
1416121140069404836
976609393598693386
1254705760462573610
1407662922909618266
1117616171072626799
1397908316729901131
737891546715783178
1375538049009844224
1385477711593607208
1415001587864309844
1383558309994430494
1056248804866805771
1403456492790743265
1081478054246891530
1176881371260649506
1319008823801024567
1380796326849155213
1420767762753523782
1208770415036600371
1424294878291955803
1391544336608395284
1138294037158309909
974340389370753115
1284863344993632277
1194626900220456962
1294039206024450120
408785106942164992
1270330056102776855
1137808236066643988
1369524675582886029
1387109132057706697
1414997232322871348
1197871978686722071
1410394858048454827
1414998090766618695
1390790507474456777
1382982325071253515
1379280848632676402
1368178206607151114
898174688235245608
1323630947433971732
1407135385221595277
1140247742451556485
1155316742097211402
829630977553727518
1309807242203103243
1404449387756650561
1204747370772832339
1033529917591265371
1384568605341126717
1347616699997880351
1096706502930219010
776089961056174080
1264169784153473077
1357584591296266421
1040632619223756811
1185166843019788308
1147192362628546684
1183224350984380468
996694531212849242
